#
node
#name	v	h	type	weight
         1	   0.00000	   0.00000	     0.00000
         2	   0.00000	   0.00000	     0.00000
         3	   0.00000	   0.00000	     8.00000
         4	   0.00000	   0.00000	     0.00000
         5	   0.00000	   0.00000	     0.00000
         6	   0.00000	   0.00000	     0.00000
         7	   0.00000	   0.00000	     0.00000
         8	   0.00000	   0.00000	     0.00000
         9	   0.00000	   0.00000	     0.00000
        10	   0.00000	   0.00000	     0.00000
        11	   0.00000	   0.00000	     0.00000
        12	   0.00000	   0.00000	     0.00000
        13	   0.00000	   0.00000	     0.00000
        14	   0.00000	   0.00000	     0.00000
        15	   0.00000	   0.00000	     3.00000
        16	   0.00000	   0.00000	     0.00000
        17	   0.00000	   0.00000	     0.00000
        18	   0.00000	   0.00000	     5.00000
        19	   0.00000	   0.00000	     0.00000
        20	   0.00000	   0.00000	     0.00000
        21	   0.00000	   0.00000	     0.00000
        22	   0.00000	   0.00000	     0.00000
        23	   0.00000	   0.00000	     0.00000
        24	   0.00000	   0.00000	     0.00000
        25	   0.00000	   0.00000	     0.00000
        26	   0.00000	   0.00000	     0.00000
        27	   0.00000	   0.00000	     0.00000
        28	   0.00000	   0.00000	     0.00000
        29	   0.00000	   0.00000	     5.00000
        30	   0.00000	   0.00000	     0.00000
        31	   0.00000	   0.00000	     0.00000
        32	   0.00000	   0.00000	     0.00000
        33	   0.00000	   0.00000	     0.00000
        34	   0.00000	   0.00000	     0.00000
        35	   0.00000	   0.00000	     0.00000
        36	   0.00000	   0.00000	     0.00000
        37	   0.00000	   0.00000	     0.00000
        38	   0.00000	   0.00000	     0.00000
        39	   0.00000	   0.00000	     0.00000
        40	   0.00000	   0.00000	     0.00000
        41	   0.00000	   0.00000	     0.00000
        42	   0.00000	   0.00000	     0.00000
        43	   0.00000	   0.00000	     9.00000
        44	   0.00000	   0.00000	     0.00000
        45	   0.00000	   0.00000	     0.00000
        46	   0.00000	   0.00000	     0.00000
        47	   0.00000	   0.00000	     0.00000
        48	   0.00000	   0.00000	     0.00000
        49	   0.00000	   0.00000	     0.00000
        50	   0.00000	   0.00000	     0.00000
        51	   0.00000	   0.00000	     0.00000
        52	   0.00000	   0.00000	     0.00000
        53	   0.00000	   0.00000	     0.00000
        54	   0.00000	   0.00000	     0.00000
        55	   0.00000	   0.00000	     0.00000
        56	   0.00000	   0.00000	     0.00000
        57	   0.00000	   0.00000	     0.00000
        58	   0.00000	   0.00000	     0.00000
        59	   0.00000	   0.00000	     0.00000
        60	   0.00000	   0.00000	     0.00000
        61	   0.00000	   0.00000	     0.00000
        62	   0.00000	   0.00000	     0.00000
        63	   0.00000	   0.00000	     0.00000
        64	   0.00000	   0.00000	     9.00000
        65	   0.00000	   0.00000	     0.00000
        66	   0.00000	   0.00000	     0.00000
        67	   0.00000	   0.00000	     0.00000
        68	   0.00000	   0.00000	     0.00000
        69	   0.00000	   0.00000	     0.00000
        70	   0.00000	   0.00000	     0.00000
        71	   0.00000	   0.00000	     0.00000
        72	   0.00000	   0.00000	     0.00000
        73	   0.00000	   0.00000	     7.00000
        74	   0.00000	   0.00000	     0.00000
        75	   0.00000	   0.00000	     0.00000
        76	   0.00000	   0.00000	     3.00000
        77	   0.00000	   0.00000	     6.00000
        78	   0.00000	   0.00000	     6.00000
        79	   0.00000	   0.00000	     0.00000
        80	   0.00000	   0.00000	     0.00000
        81	   0.00000	   0.00000	     0.00000
        82	   0.00000	   0.00000	     0.00000
        83	   0.00000	   0.00000	     1.00000
        84	   0.00000	   0.00000	     9.00000
        85	   0.00000	   0.00000	     0.00000
        86	   0.00000	   0.00000	     0.00000
        87	   0.00000	   0.00000	     0.00000
        88	   0.00000	   0.00000	     0.00000
        89	   0.00000	   0.00000	     8.00000
        90	   0.00000	   0.00000	     0.00000
        91	   0.00000	   0.00000	     0.00000
        92	   0.00000	   0.00000	     0.00000
        93	   0.00000	   0.00000	     0.00000
        94	   0.00000	   0.00000	     0.00000
        95	   0.00000	   0.00000	     0.00000
        96	   0.00000	   0.00000	     0.00000
        97	   0.00000	   0.00000	     0.00000
        98	   0.00000	   0.00000	     0.00000
        99	   0.00000	   0.00000	     0.00000
       100	   0.00000	   0.00000	     0.00000
       101	   0.00000	   0.00000	     0.00000
       102	   0.00000	   0.00000	     0.00000
       103	   0.00000	   0.00000	     0.00000
       104	   0.00000	   0.00000	     0.00000
       105	   0.00000	   0.00000	     0.00000
       106	   0.00000	   0.00000	     0.00000
       107	   0.00000	   0.00000	     0.00000
       108	   0.00000	   0.00000	     0.00000
       109	   0.00000	   0.00000	     0.00000
       110	   0.00000	   0.00000	     0.00000
       111	   0.00000	   0.00000	     0.00000
       112	   0.00000	   0.00000	     0.00000
       113	   0.00000	   0.00000	     0.00000
       114	   0.00000	   0.00000	     1.00000
       115	   0.00000	   0.00000	     0.00000
       116	   0.00000	   0.00000	     0.00000
       117	   0.00000	   0.00000	     0.00000
       118	   0.00000	   0.00000	     7.00000
       119	   0.00000	   0.00000	     0.00000
       120	   0.00000	   0.00000	     0.00000
       121	   0.00000	   0.00000	     0.00000
       122	   0.00000	   0.00000	     0.00000
       123	   0.00000	   0.00000	     3.00000
       124	   0.00000	   0.00000	     0.00000
       125	   0.00000	   0.00000	     0.00000
       126	   0.00000	   0.00000	     0.00000
       127	   0.00000	   0.00000	     0.00000
       128	   0.00000	   0.00000	     0.00000
       129	   0.00000	   0.00000	     3.00000
       130	   0.00000	   0.00000	     7.00000
       131	   0.00000	   0.00000	     0.00000
       132	   0.00000	   0.00000	     7.00000
       133	   0.00000	   0.00000	     2.00000
       134	   0.00000	   0.00000	     0.00000
       135	   0.00000	   0.00000	     0.00000
       136	   0.00000	   0.00000	     0.00000
       137	   0.00000	   0.00000	     0.00000
       138	   0.00000	   0.00000	     0.00000
       139	   0.00000	   0.00000	     0.00000
       140	   0.00000	   0.00000	     0.00000
       141	   0.00000	   0.00000	     0.00000
       142	   0.00000	   0.00000	     0.00000
       143	   0.00000	   0.00000	     0.00000
       144	   0.00000	   0.00000	     0.00000
       145	   0.00000	   0.00000	     8.00000
       146	   0.00000	   0.00000	     7.00000
       147	   0.00000	   0.00000	     0.00000
       148	   0.00000	   0.00000	     0.00000
       149	   0.00000	   0.00000	     0.00000
       150	   0.00000	   0.00000	     0.00000
       151	   0.00000	   0.00000	     0.00000
       152	   0.00000	   0.00000	     0.00000
       153	   0.00000	   0.00000	     0.00000
       154	   0.00000	   0.00000	     7.00000
       155	   0.00000	   0.00000	     0.00000
       156	   0.00000	   0.00000	     8.00000
       157	   0.00000	   0.00000	     8.00000
       158	   0.00000	   0.00000	     0.00000
       159	   0.00000	   0.00000	     0.00000
       160	   0.00000	   0.00000	     0.00000
       161	   0.00000	   0.00000	     0.00000
       162	   0.00000	   0.00000	     0.00000
       163	   0.00000	   0.00000	     0.00000
       164	   0.00000	   0.00000	     0.00000
       165	   0.00000	   0.00000	     0.00000
       166	   0.00000	   0.00000	     0.00000
       167	   0.00000	   0.00000	     0.00000
       168	   0.00000	   0.00000	     0.00000
       169	   0.00000	   0.00000	     0.00000
       170	   0.00000	   0.00000	     0.00000
       171	   0.00000	   0.00000	     0.00000
       172	   0.00000	   0.00000	     0.00000
       173	   0.00000	   0.00000	     0.00000
       174	   0.00000	   0.00000	     0.00000
       175	   0.00000	   0.00000	     0.00000
       176	   0.00000	   0.00000	     0.00000
       177	   0.00000	   0.00000	     0.00000
       178	   0.00000	   0.00000	     0.00000
       179	   0.00000	   0.00000	     0.00000
       180	   0.00000	   0.00000	     0.00000
       181	   0.00000	   0.00000	     0.00000
       182	   0.00000	   0.00000	     0.00000
       183	   0.00000	   0.00000	     0.00000
       184	   0.00000	   0.00000	     0.00000
       185	   0.00000	   0.00000	     0.00000
       186	   0.00000	   0.00000	     0.00000
       187	   0.00000	   0.00000	     0.00000
       188	   0.00000	   0.00000	     6.00000
       189	   0.00000	   0.00000	     0.00000
       190	   0.00000	   0.00000	     8.00000
       191	   0.00000	   0.00000	     9.00000
       192	   0.00000	   0.00000	     0.00000
       193	   0.00000	   0.00000	     0.00000
       194	   0.00000	   0.00000	     6.00000
       195	   0.00000	   0.00000	     0.00000
       196	   0.00000	   0.00000	     0.00000
       197	   0.00000	   0.00000	     0.00000
       198	   0.00000	   0.00000	     0.00000
       199	   0.00000	   0.00000	     0.00000
       200	   0.00000	   0.00000	     0.00000
       201	   0.00000	   0.00000	     0.00000
       202	   0.00000	   0.00000	     0.00000
       203	   0.00000	   0.00000	     4.00000
       204	   0.00000	   0.00000	     2.00000
       205	   0.00000	   0.00000	     0.00000
       206	   0.00000	   0.00000	     0.00000
       207	   0.00000	   0.00000	     0.00000
       208	   0.00000	   0.00000	     0.00000
       209	   0.00000	   0.00000	     3.00000
       210	   0.00000	   0.00000	     0.00000
       211	   0.00000	   0.00000	     0.00000
       212	   0.00000	   0.00000	     0.00000
       213	   0.00000	   0.00000	     0.00000
       214	   0.00000	   0.00000	     0.00000
       215	   0.00000	   0.00000	     2.00000
       216	   0.00000	   0.00000	     4.00000
       217	   0.00000	   0.00000	     3.00000
       218	   0.00000	   0.00000	     6.00000
       219	   0.00000	   0.00000	     0.00000
       220	   0.00000	   0.00000	     0.00000
       221	   0.00000	   0.00000	     0.00000
       222	   0.00000	   0.00000	     0.00000
       223	   0.00000	   0.00000	     0.00000
       224	   0.00000	   0.00000	     2.00000
       225	   0.00000	   0.00000	     0.00000
       226	   0.00000	   0.00000	     0.00000
       227	   0.00000	   0.00000	     0.00000
       228	   0.00000	   0.00000	     0.00000
       229	   0.00000	   0.00000	     0.00000
       230	   0.00000	   0.00000	     0.00000
       231	   0.00000	   0.00000	     0.00000
       232	   0.00000	   0.00000	     0.00000
       233	   0.00000	   0.00000	     0.00000
       234	   0.00000	   0.00000	     0.00000
       235	   0.00000	   0.00000	     0.00000
       236	   0.00000	   0.00000	     0.00000
       237	   0.00000	   0.00000	     5.00000
       238	   0.00000	   0.00000	     0.00000
       239	   0.00000	   0.00000	     0.00000
       240	   0.00000	   0.00000	     1.00000
       241	   0.00000	   0.00000	     6.00000
       242	   0.00000	   0.00000	     0.00000
       243	   0.00000	   0.00000	     0.00000
       244	   0.00000	   0.00000	     0.00000
       245	   0.00000	   0.00000	     0.00000
       246	   0.00000	   0.00000	     3.00000
       247	   0.00000	   0.00000	     0.00000
       248	   0.00000	   0.00000	     0.00000
       249	   0.00000	   0.00000	     9.00000
       250	   0.00000	   0.00000	     0.00000
       251	   0.00000	   0.00000	     0.00000
       252	   0.00000	   0.00000	     0.00000
       253	   0.00000	   0.00000	     0.00000
       254	   0.00000	   0.00000	     1.00000
       255	   0.00000	   0.00000	     0.00000
       256	   0.00000	   0.00000	     0.00000
       257	   0.00000	   0.00000	     0.00000
       258	   0.00000	   0.00000	     0.00000
       259	   0.00000	   0.00000	     0.00000
       260	   0.00000	   0.00000	     0.00000
       261	   0.00000	   0.00000	     9.00000
       262	   0.00000	   0.00000	     0.00000
       263	   0.00000	   0.00000	     0.00000
       264	   0.00000	   0.00000	     6.00000
       265	   0.00000	   0.00000	     8.00000
       266	   0.00000	   0.00000	     0.00000
       267	   0.00000	   0.00000	     0.00000
       268	   0.00000	   0.00000	     0.00000
       269	   0.00000	   0.00000	     0.00000
       270	   0.00000	   0.00000	     0.00000
       271	   0.00000	   0.00000	     5.00000
       272	   0.00000	   0.00000	     0.00000
       273	   0.00000	   0.00000	     0.00000
       274	   0.00000	   0.00000	     0.00000
       275	   0.00000	   0.00000	     0.00000
       276	   0.00000	   0.00000	     1.00000
       277	   0.00000	   0.00000	     0.00000
       278	   0.00000	   0.00000	     0.00000
       279	   0.00000	   0.00000	     0.00000
       280	   0.00000	   0.00000	     0.00000
       281	   0.00000	   0.00000	     0.00000
       282	   0.00000	   0.00000	     0.00000
       283	   0.00000	   0.00000	     0.00000
       284	   0.00000	   0.00000	     3.00000
       285	   0.00000	   0.00000	     0.00000
       286	   0.00000	   0.00000	     0.00000
       287	   0.00000	   0.00000	     0.00000
       288	   0.00000	   0.00000	     0.00000
       289	   0.00000	   0.00000	     0.00000
       290	   0.00000	   0.00000	     0.00000
       291	   0.00000	   0.00000	     0.00000
       292	   0.00000	   0.00000	     0.00000
       293	   0.00000	   0.00000	     0.00000
       294	   0.00000	   0.00000	     0.00000
       295	   0.00000	   0.00000	     0.00000
       296	   0.00000	   0.00000	     0.00000
       297	   0.00000	   0.00000	     0.00000
       298	   0.00000	   0.00000	     3.00000
       299	   0.00000	   0.00000	     0.00000
       300	   0.00000	   0.00000	     0.00000
       301	   0.00000	   0.00000	     0.00000
       302	   0.00000	   0.00000	     0.00000
       303	   0.00000	   0.00000	     0.00000
       304	   0.00000	   0.00000	     0.00000
       305	   0.00000	   0.00000	     0.00000
       306	   0.00000	   0.00000	     0.00000
       307	   0.00000	   0.00000	     0.00000
       308	   0.00000	   0.00000	     0.00000
       309	   0.00000	   0.00000	     7.00000
       310	   0.00000	   0.00000	     0.00000
       311	   0.00000	   0.00000	     6.00000
       312	   0.00000	   0.00000	     0.00000
       313	   0.00000	   0.00000	     0.00000
       314	   0.00000	   0.00000	     0.00000
       315	   0.00000	   0.00000	     0.00000
       316	   0.00000	   0.00000	     0.00000
       317	   0.00000	   0.00000	     0.00000
       318	   0.00000	   0.00000	     0.00000
       319	   0.00000	   0.00000	     0.00000
       320	   0.00000	   0.00000	     0.00000
       321	   0.00000	   0.00000	     0.00000
       322	   0.00000	   0.00000	     0.00000
       323	   0.00000	   0.00000	     0.00000
       324	   0.00000	   0.00000	     0.00000
       325	   0.00000	   0.00000	     0.00000
       326	   0.00000	   0.00000	     0.00000
       327	   0.00000	   0.00000	     0.00000
       328	   0.00000	   0.00000	     0.00000
       329	   0.00000	   0.00000	     0.00000
       330	   0.00000	   0.00000	     0.00000
       331	   0.00000	   0.00000	     0.00000
       332	   0.00000	   0.00000	     0.00000
       333	   0.00000	   0.00000	     0.00000
       334	   0.00000	   0.00000	     0.00000
       335	   0.00000	   0.00000	     8.00000
       336	   0.00000	   0.00000	     0.00000
       337	   0.00000	   0.00000	     0.00000
       338	   0.00000	   0.00000	     0.00000
       339	   0.00000	   0.00000	     0.00000
       340	   0.00000	   0.00000	     7.00000
       341	   0.00000	   0.00000	     0.00000
       342	   0.00000	   0.00000	     4.00000
       343	   0.00000	   0.00000	     0.00000
       344	   0.00000	   0.00000	     6.00000
       345	   0.00000	   0.00000	     0.00000
       346	   0.00000	   0.00000	     0.00000
       347	   0.00000	   0.00000	     0.00000
       348	   0.00000	   0.00000	     0.00000
       349	   0.00000	   0.00000	     9.00000
       350	   0.00000	   0.00000	     0.00000
       351	   0.00000	   0.00000	     0.00000
       352	   0.00000	   0.00000	     0.00000
       353	   0.00000	   0.00000	     0.00000
       354	   0.00000	   0.00000	     0.00000
       355	   0.00000	   0.00000	     0.00000
       356	   0.00000	   0.00000	     0.00000
       357	   0.00000	   0.00000	     7.00000
       358	   0.00000	   0.00000	     0.00000
       359	   0.00000	   0.00000	     0.00000
       360	   0.00000	   0.00000	     5.00000
       361	   0.00000	   0.00000	     0.00000
       362	   0.00000	   0.00000	     0.00000
       363	   0.00000	   0.00000	     7.00000
       364	   0.00000	   0.00000	     0.00000
       365	   0.00000	   0.00000	     0.00000
       366	   0.00000	   0.00000	     0.00000
       367	   0.00000	   0.00000	     0.00000
       368	   0.00000	   0.00000	     0.00000
       369	   0.00000	   0.00000	     0.00000
       370	   0.00000	   0.00000	     0.00000
       371	   0.00000	   0.00000	     0.00000
       372	   0.00000	   0.00000	     0.00000
       373	   0.00000	   0.00000	     0.00000
       374	   0.00000	   0.00000	     0.00000
       375	   0.00000	   0.00000	     0.00000
       376	   0.00000	   0.00000	     0.00000
       377	   0.00000	   0.00000	     0.00000
       378	   0.00000	   0.00000	     0.00000
       379	   0.00000	   0.00000	     0.00000
       380	   0.00000	   0.00000	     6.00000
       381	   0.00000	   0.00000	     0.00000
       382	   0.00000	   0.00000	     0.00000
       383	   0.00000	   0.00000	     0.00000
       384	   0.00000	   0.00000	     0.00000
       385	   0.00000	   0.00000	     0.00000
       386	   0.00000	   0.00000	     0.00000
       387	   0.00000	   0.00000	     7.00000
       388	   0.00000	   0.00000	     0.00000
       389	   0.00000	   0.00000	     0.00000
       390	   0.00000	   0.00000	     0.00000
       391	   0.00000	   0.00000	     0.00000
       392	   0.00000	   0.00000	     0.00000
       393	   0.00000	   0.00000	     0.00000
       394	   0.00000	   0.00000	     0.00000
       395	   0.00000	   0.00000	     0.00000
       396	   0.00000	   0.00000	     0.00000
       397	   0.00000	   0.00000	     0.00000
       398	   0.00000	   0.00000	     0.00000
       399	   0.00000	   0.00000	     0.00000
       400	   0.00000	   0.00000	     2.00000
       401	   0.00000	   0.00000	     0.00000
       402	   0.00000	   0.00000	     0.00000
       403	   0.00000	   0.00000	     0.00000
       404	   0.00000	   0.00000	     0.00000
       405	   0.00000	   0.00000	     0.00000
       406	   0.00000	   0.00000	     0.00000
       407	   0.00000	   0.00000	     0.00000
       408	   0.00000	   0.00000	     6.00000
       409	   0.00000	   0.00000	     9.00000
       410	   0.00000	   0.00000	     0.00000
       411	   0.00000	   0.00000	     0.00000
       412	   0.00000	   0.00000	     0.00000
       413	   0.00000	   0.00000	     0.00000
       414	   0.00000	   0.00000	     5.00000
       415	   0.00000	   0.00000	     0.00000
       416	   0.00000	   0.00000	     0.00000
       417	   0.00000	   0.00000	     0.00000
       418	   0.00000	   0.00000	     0.00000
       419	   0.00000	   0.00000	     0.00000
       420	   0.00000	   0.00000	     0.00000
       421	   0.00000	   0.00000	     4.00000
       422	   0.00000	   0.00000	     0.00000
       423	   0.00000	   0.00000	     0.00000
       424	   0.00000	   0.00000	     0.00000
       425	   0.00000	   0.00000	     7.00000
       426	   0.00000	   0.00000	     0.00000
       427	   0.00000	   0.00000	     0.00000
       428	   0.00000	   0.00000	     0.00000
       429	   0.00000	   0.00000	     0.00000
       430	   0.00000	   0.00000	     0.00000
       431	   0.00000	   0.00000	     0.00000
       432	   0.00000	   0.00000	     0.00000
       433	   0.00000	   0.00000	     2.00000
       434	   0.00000	   0.00000	     0.00000
       435	   0.00000	   0.00000	     0.00000
       436	   0.00000	   0.00000	     0.00000
       437	   0.00000	   0.00000	     5.00000
       438	   0.00000	   0.00000	     0.00000
       439	   0.00000	   0.00000	     6.00000
       440	   0.00000	   0.00000	     3.00000
       441	   0.00000	   0.00000	     0.00000
       442	   0.00000	   0.00000	     1.00000
       443	   0.00000	   0.00000	     0.00000
       444	   0.00000	   0.00000	     0.00000
       445	   0.00000	   0.00000	     0.00000
       446	   0.00000	   0.00000	     0.00000
       447	   0.00000	   0.00000	     0.00000
       448	   0.00000	   0.00000	     3.00000
       449	   0.00000	   0.00000	     7.00000
       450	   0.00000	   0.00000	     0.00000
       451	   0.00000	   0.00000	     7.00000
       452	   0.00000	   0.00000	     0.00000
       453	   0.00000	   0.00000	     0.00000
       454	   0.00000	   0.00000	     0.00000
       455	   0.00000	   0.00000	     0.00000
       456	   0.00000	   0.00000	     0.00000
       457	   0.00000	   0.00000	     0.00000
       458	   0.00000	   0.00000	     0.00000
       459	   0.00000	   0.00000	     0.00000
       460	   0.00000	   0.00000	     0.00000
       461	   0.00000	   0.00000	     0.00000
       462	   0.00000	   0.00000	     0.00000
       463	   0.00000	   0.00000	     0.00000
       464	   0.00000	   0.00000	     0.00000
       465	   0.00000	   0.00000	     0.00000
       466	   0.00000	   0.00000	     0.00000
       467	   0.00000	   0.00000	     0.00000
       468	   0.00000	   0.00000	     0.00000
       469	   0.00000	   0.00000	     0.00000
       470	   0.00000	   0.00000	     0.00000
       471	   0.00000	   0.00000	     0.00000
       472	   0.00000	   0.00000	     0.00000
       473	   0.00000	   0.00000	     0.00000
       474	   0.00000	   0.00000	     0.00000
       475	   0.00000	   0.00000	     0.00000
       476	   0.00000	   0.00000	     5.00000
       477	   0.00000	   0.00000	     0.00000
       478	   0.00000	   0.00000	     0.00000
       479	   0.00000	   0.00000	     0.00000
       480	   0.00000	   0.00000	     0.00000
       481	   0.00000	   0.00000	     7.00000
       482	   0.00000	   0.00000	     0.00000
       483	   0.00000	   0.00000	     0.00000
       484	   0.00000	   0.00000	     0.00000
       485	   0.00000	   0.00000	     0.00000
       486	   0.00000	   0.00000	     0.00000
       487	   0.00000	   0.00000	     0.00000
       488	   0.00000	   0.00000	     0.00000
       489	   0.00000	   0.00000	     9.00000
       490	   0.00000	   0.00000	     0.00000
       491	   0.00000	   0.00000	     0.00000
       492	   0.00000	   0.00000	     0.00000
       493	   0.00000	   0.00000	     3.00000
       494	   0.00000	   0.00000	     0.00000
       495	   0.00000	   0.00000	     0.00000
       496	   0.00000	   0.00000	     1.00000
       497	   0.00000	   0.00000	     0.00000
       498	   0.00000	   0.00000	     4.00000
       499	   0.00000	   0.00000	     0.00000
       500	   0.00000	   0.00000	     2.00000
link
#name	n1	n2	weight	source	type
         1	       498	       255	   7.00000
         2	       264	       498	   8.00000
         3	       381	       498	   4.00000
         4	       264	       193	   8.00000
         5	       278	       255	   8.00000
         6	       264	       271	   4.00000
         7	       465	       271	   4.00000
         8	       278	       281	   5.00000
         9	       465	       305	   8.00000
        10	       281	       354	   9.00000
        11	       465	       496	  10.00000
        12	       498	        34	   7.00000
        13	       465	       466	   6.00000
        14	       465	       131	   1.00000
        15	       272	       381	  10.00000
        16	       272	       418	   8.00000
        17	       280	       271	   6.00000
        18	       305	       492	   3.00000
        19	       278	       340	   4.00000
        20	       466	       212	   3.00000
        21	       496	       238	   4.00000
        22	       145	       281	   8.00000
        23	       146	       340	   7.00000
        24	       418	       141	   5.00000
        25	       348	       466	   9.00000
        26	       348	       306	  10.00000
        27	       425	       271	   7.00000
        28	       156	       425	   8.00000
        29	       272	       273	   9.00000
        30	       366	       492	   6.00000
        31	       212	       222	   8.00000
        32	        90	       496	   3.00000
        33	       232	       465	  10.00000
        34	        91	       232	   1.00000
        35	        91	       163	   6.00000
        36	       224	       255	   8.00000
        37	       498	       491	   5.00000
        38	       110	       305	   1.00000
        39	       416	       418	   2.00000
        40	       403	       418	   6.00000
        41	        23	       498	   5.00000
        42	       387	       222	   4.00000
        43	       306	       108	   8.00000
        44	       201	       496	   6.00000
        45	       306	       376	   8.00000
        46	       489	       491	   9.00000
        47	       249	       496	   5.00000
        48	       272	       134	   2.00000
        49	       212	       117	   6.00000
        50	       381	       181	   9.00000
        51	       232	       124	   4.00000
        52	       255	       482	   9.00000
        53	       203	       117	   4.00000
        54	       137	       201	   7.00000
        55	       366	       447	   2.00000
        56	       387	       164	  10.00000
        57	       110	       473	   9.00000
        58	       355	       238	   5.00000
        59	         3	       348	   6.00000
        60	        13	       141	   3.00000
        61	        48	       473	   5.00000
        62	       239	       181	   3.00000
        63	       379	       239	   4.00000
        64	       416	       234	   3.00000
        65	       466	        86	   5.00000
        66	       131	        53	   9.00000
        67	       426	       273	   2.00000
        68	       262	       447	  10.00000
        69	         6	       156	   9.00000
        70	        23	        12	   6.00000
        71	       272	       423	  10.00000
        72	       222	       350	   7.00000
        73	       376	       478	   3.00000
        74	       388	       203	   3.00000
        75	       478	        43	   7.00000
        76	       156	       133	  10.00000
        77	       476	       133	   4.00000
        78	       496	        87	   5.00000
        79	       393	       491	   7.00000
        80	        19	        91	   7.00000
        81	       381	       325	   2.00000
        82	       492	       171	   2.00000
        83	       497	        91	   7.00000
        84	       423	       469	   9.00000
        85	       238	       499	   6.00000
        86	       281	       132	   8.00000
        87	       471	       234	   4.00000
        88	       376	       129	   1.00000
        89	        48	       111	   7.00000
        90	       373	       340	   4.00000
        91	       320	         6	   5.00000
        92	       331	       131	   3.00000
        93	       495	       478	   1.00000
        94	       172	       212	   1.00000
        95	        64	        34	   6.00000
        96	       475	       496	   7.00000
        97	       425	       364	   8.00000
        98	       234	       184	   4.00000
        99	        39	       471	   2.00000
       100	       390	       117	   4.00000
       101	       388	         5	   6.00000
       102	        43	       420	   7.00000
       103	       163	        38	   8.00000
       104	       181	       241	   8.00000
       105	       399	       201	   8.00000
       106	       222	       195	   3.00000
       107	       192	        23	   9.00000
       108	       242	        91	   3.00000
       109	       447	       353	   9.00000
       110	        21	       482	  10.00000
       111	       167	       353	  10.00000
       112	        12	       479	   2.00000
       113	       472	        38	   9.00000
       114	         5	       189	  10.00000
       115	       313	       381	   9.00000
       116	       133	       116	   2.00000
       117	        86	        31	   9.00000
       118	       497	       318	   1.00000
       119	       308	       203	  10.00000
       120	       116	        17	  10.00000
       121	       331	       122	   9.00000
       122	       163	       464	  10.00000
       123	       335	       350	   6.00000
       124	        82	       425	   3.00000
       125	       366	       289	   9.00000
       126	       369	       249	   6.00000
       127	       175	       489	   9.00000
       128	       134	       488	   8.00000
       129	       277	         3	   1.00000
       130	       251	       262	   3.00000
       131	       366	        24	  10.00000
       132	       129	       144	   9.00000
       133	       489	       449	   7.00000
       134	       474	       163	   5.00000
       135	       473	       326	   2.00000
       136	       338	       369	   4.00000
       137	       477	       272	   3.00000
       138	       132	        10	  10.00000
       139	       379	        56	   4.00000
       140	       481	       184	   2.00000
       141	       439	       420	  10.00000
       142	        10	       188	   6.00000
       143	       195	       351	   2.00000
       144	       175	       357	   9.00000
       145	       339	        48	   5.00000
       146	        78	       232	   5.00000
       147	       270	       305	   8.00000
       148	       251	       480	   9.00000
       149	       195	       206	  10.00000
       150	       438	       403	   7.00000
       151	        24	        98	   2.00000
       152	       243	       212	   5.00000
       153	        90	       233	   1.00000
       154	       383	        48	   3.00000
       155	       434	       277	   7.00000
       156	       216	        86	   1.00000
       157	       167	       246	   4.00000
       158	        98	       314	   9.00000
       159	       425	       336	   7.00000
       160	       278	       250	   5.00000
       161	       348	       405	   9.00000
       162	       191	       264	  10.00000
       163	       226	       239	   2.00000
       164	        16	       473	   3.00000
       165	       420	       299	   8.00000
       166	       462	       376	  10.00000
       167	       336	        67	   2.00000
       168	       364	       431	   7.00000
       169	        69	       272	   5.00000
       170	       154	        13	   3.00000
       171	        39	        63	   8.00000
       172	       339	       446	   9.00000
       173	       271	       349	   1.00000
       174	       142	       108	  10.00000
       175	        83	       350	   3.00000
       176	       320	       456	   9.00000
       177	       333	       122	   2.00000
       178	       207	       438	   9.00000
       179	       158	       238	   8.00000
       180	        90	       414	   5.00000
       181	       272	       170	   9.00000
       182	       314	       155	   6.00000
       183	       437	       383	   8.00000
       184	       478	       367	   2.00000
       185	       272	       176	  10.00000
       186	        88	       387	   5.00000
       187	       479	       103	   8.00000
       188	       122	        25	   3.00000
       189	       169	       335	   5.00000
       190	       425	       382	   1.00000
       191	       260	       188	   2.00000
       192	       163	        47	   6.00000
       193	       158	       290	   7.00000
       194	       414	       372	   5.00000
       195	        18	        38	   2.00000
       196	       486	       354	   3.00000
       197	       363	       439	   2.00000
       198	        23	       284	  10.00000
       199	        92	        31	   4.00000
       200	       116	       140	   9.00000
       201	       478	       245	   8.00000
       202	       479	        96	  10.00000
       203	       290	       328	   6.00000
       204	       388	       254	   1.00000
       205	       301	       357	   3.00000
       206	        47	       125	   4.00000
       207	       121	       188	   1.00000
       208	       471	       112	   5.00000
       209	       458	       390	   3.00000
       210	       141	       341	   2.00000
       211	        16	         9	   3.00000
       212	       377	       116	  10.00000
       213	       140	       312	  10.00000
       214	       237	       469	   8.00000
       215	       228	       447	   7.00000
       216	       465	       428	   2.00000
       217	       292	       464	   7.00000
       218	       171	        50	   5.00000
       219	        81	       103	  10.00000
       220	        61	       191	  10.00000
       221	       303	       167	   3.00000
       222	       367	       442	   3.00000
       223	       416	       392	   9.00000
       224	       255	       342	   1.00000
       225	       226	       453	   1.00000
       226	        36	       418	   3.00000
       227	       348	       236	   7.00000
       228	        74	       438	  10.00000
       229	       443	       357	   9.00000
       230	       199	        92	   7.00000
       231	       200	       348	   7.00000
       232	        73	       479	   9.00000
       233	        19	        99	   2.00000
       234	       455	       250	   7.00000
       235	       315	       170	   5.00000
       236	       161	       124	   7.00000
       237	       415	       426	   3.00000
       238	       311	       181	   3.00000
       239	       118	       326	   3.00000
       240	        58	       193	   9.00000
       241	       338	       227	   7.00000
       242	        85	        24	   7.00000
       243	        26	       170	   9.00000
       244	       431	       105	   2.00000
       245	       151	        73	   1.00000
       246	       479	       218	   7.00000
       247	       346	       426	   8.00000
       248	       223	       188	   1.00000
       249	       215	        90	   2.00000
       250	       499	        52	   8.00000
       251	       234	       487	  10.00000
       252	       494	       489	   2.00000
       253	        98	        68	   1.00000
       254	       138	        24	   4.00000
       255	       374	       103	  10.00000
       256	       200	       153	   3.00000
       257	       392	       123	   2.00000
       258	        61	        28	   4.00000
       259	        98	        89	   5.00000
       260	       179	       153	  10.00000
       261	       342	       409	   3.00000
       262	       269	       273	   1.00000
       263	       239	        77	   1.00000
       264	       284	       177	   3.00000
       265	       330	        73	   3.00000
       266	        16	       114	   2.00000
       267	       482	       412	   8.00000
       268	       293	       350	   7.00000
       269	       185	       192	   8.00000
       270	       494	       319	   6.00000
       271	       499	       252	  10.00000
       272	       443	       396	   2.00000
       273	       303	       397	   2.00000
       274	       339	       148	   7.00000
       275	       277	       352	   6.00000
       276	       106	       167	   5.00000
       277	       247	       434	   2.00000
       278	       422	       138	   8.00000
       279	       154	       445	   4.00000
       280	       206	       202	   8.00000
       281	       408	        31	   9.00000
       282	       355	       235	   1.00000
       283	       197	       420	   6.00000
       284	        10	        94	   4.00000
       285	       417	       242	   8.00000
       286	        83	       279	   7.00000
       287	       144	       334	   4.00000
       288	       337	       482	   9.00000
       289	       102	        52	   2.00000
       290	       448	       480	   4.00000
       291	       327	       179	   6.00000
       292	        42	       340	   7.00000
       293	       328	       485	   4.00000
       294	       148	        79	   7.00000
       295	       240	       412	   1.00000
       296	       430	       369	   5.00000
       297	       217	       301	   1.00000
       298	       272	       150	   3.00000
       299	       406	        36	   8.00000
       300	        27	       132	   1.00000
       301	       439	       266	   7.00000
       302	       239	       371	   1.00000
       303	       423	       295	   6.00000
       304	       238	       194	   2.00000
       305	       216	       229	   2.00000
       306	        74	         2	   3.00000
       307	       116	       253	  10.00000
       308	       319	       451	   1.00000
       309	        37	       271	   8.00000
       310	       389	       390	   9.00000
       311	        51	        13	   9.00000
       312	       177	        57	   6.00000
       313	       436	       372	   4.00000
       314	       344	       138	   5.00000
       315	       327	       248	   5.00000
       316	         9	       231	   6.00000
       317	       220	       235	   6.00000
       318	        32	        19	   7.00000
       319	       252	       358	   4.00000
       320	       398	       293	   9.00000
       321	        63	       139	   5.00000
       322	       480	       130	   3.00000
       323	       343	       382	   3.00000
       324	       186	       364	  10.00000
       325	        87	       190	   1.00000
       326	        84	       193	   3.00000
       327	       144	       450	   9.00000
       328	        59	       353	   6.00000
       329	       184	       410	   5.00000
       330	       113	       406	   1.00000
       331	       166	        83	   1.00000
       332	        14	       231	   3.00000
       333	       296	       106	   1.00000
       334	        20	        84	   6.00000
       335	       240	       302	   6.00000
       336	       430	       401	   2.00000
       337	       188	       285	   3.00000
       338	       437	       429	   5.00000
       339	        68	       115	   9.00000
       340	        38	        15	   3.00000
       341	       281	       196	   2.00000
       342	       295	       104	   4.00000
       343	       329	       270	  10.00000
       344	       368	       416	   6.00000
       345	       143	       148	   3.00000
       346	       347	       131	   8.00000
       347	        42	       427	   8.00000
       348	       472	       283	  10.00000
       349	       288	       340	   1.00000
       350	       477	        30	   8.00000
       351	       132	       444	   9.00000
       352	       301	        35	   9.00000
       353	       142	       317	   2.00000
       354	       356	       190	   8.00000
       355	       294	       425	   1.00000
       356	       308	       324	   3.00000
       357	       103	       261	   9.00000
       358	       219	       231	   2.00000
       359	       174	       496	  10.00000
       360	       458	       394	   2.00000
       361	       309	       437	   1.00000
       362	       100	       335	   8.00000
       363	       213	       290	   1.00000
       364	       494	       183	   2.00000
       365	       297	       199	   1.00000
       366	       327	       149	   5.00000
       367	        70	       324	   3.00000
       368	       121	       259	  10.00000
       369	       244	       144	   1.00000
       370	       263	       455	   8.00000
       371	       124	       391	   4.00000
       372	       434	       304	   8.00000
       373	       244	       411	   7.00000
       374	       123	       419	  10.00000
       375	       217	       214	   1.00000
       376	       323	       223	   6.00000
       377	        33	       412	   8.00000
       378	       413	       176	   2.00000
       379	       459	       223	  10.00000
       380	       388	       211	   7.00000
       381	       498	        93	   2.00000
       382	       184	       375	   3.00000
       383	       121	        54	   5.00000
       384	       310	        61	   4.00000
       385	       187	       174	   1.00000
       386	       295	       365	   8.00000
       387	       361	       308	   2.00000
       388	       178	        27	   4.00000
       389	        89	       490	   3.00000
       390	       468	        39	   2.00000
       391	       487	       208	   9.00000
       392	       384	       229	   8.00000
       393	        80	       492	  10.00000
       394	        58	       256	   1.00000
       395	       180	       311	   3.00000
       396	       367	       298	   8.00000
       397	        84	       484	  10.00000
       398	       286	       150	  10.00000
       399	       493	       399	   3.00000
       400	       195	       258	   7.00000
       401	       326	        11	   4.00000
       402	         6	       136	   6.00000
       403	       257	       106	   1.00000
       404	        44	       387	   3.00000
       405	       500	       352	   5.00000
       406	       113	       424	   4.00000
       407	       433	       337	   1.00000
       408	        26	        45	   7.00000
       409	       255	        60	   3.00000
       410	       380	        12	   7.00000
       411	       111	        49	   6.00000
       412	       465	       400	   9.00000
       413	       405	         1	   2.00000
       414	       276	       174	   2.00000
       415	       123	       126	   2.00000
       416	         9	       421	   4.00000
       417	       163	        22	   2.00000
       418	       495	        46	   4.00000
       419	        66	       328	   8.00000
       420	       429	       173	   8.00000
       421	       470	       257	   1.00000
       422	        97	        64	   2.00000
       423	       192	       395	   4.00000
       424	       388	       457	   3.00000
       425	        71	       405	   7.00000
       426	        74	       119	   5.00000
       427	       454	        30	   9.00000
       428	       118	       300	   9.00000
       429	       320	       120	   8.00000
       430	       435	       455	   2.00000
       431	       421	       461	   1.00000
       432	       267	       197	   3.00000
       433	        91	       157	   2.00000
       434	       209	       132	   6.00000
       435	        72	       492	   5.00000
       436	       440	       320	   5.00000
       437	       402	       320	   8.00000
       438	       360	       186	   6.00000
       439	       369	       441	   7.00000
       440	       198	       273	   5.00000
       441	       336	        29	   8.00000
       442	       321	         2	   4.00000
       443	       143	       385	  10.00000
       444	       279	       160	   9.00000
       445	        63	       359	  10.00000
       446	        80	       404	   1.00000
       447	       318	       230	   4.00000
       448	       291	       141	   5.00000
       449	       282	        17	   8.00000
       450	        80	       345	  10.00000
       451	       452	       143	   7.00000
       452	       277	       107	   2.00000
       453	       147	       382	   5.00000
       454	       305	       287	   3.00000
       455	       282	         8	   7.00000
       456	       316	       212	   5.00000
       457	       160	       265	   9.00000
       458	       210	       243	   8.00000
       459	       425	       268	   1.00000
       460	       332	        85	   1.00000
       461	       135	       498	   6.00000
       462	        15	         7	   4.00000
       463	       225	       170	   6.00000
       464	       467	       252	   1.00000
       465	       232	        76	   4.00000
       466	       101	        84	   2.00000
       467	        69	       322	   7.00000
       468	        55	        68	   7.00000
       469	       460	       172	   8.00000
       470	       221	       365	   2.00000
       471	       447	       275	   9.00000
       472	       352	       162	   3.00000
       473	       123	        40	   6.00000
       474	       438	       204	   1.00000
       475	        75	       104	   4.00000
       476	        62	       262	   6.00000
       477	       155	        65	   2.00000
       478	       432	       249	   2.00000
       479	       146	       307	   5.00000
       480	       378	        13	   3.00000
       481	       159	       484	   8.00000
       482	       108	       182	   3.00000
       483	       196	       152	   3.00000
       484	       165	        20	   9.00000
       485	       410	       463	   3.00000
       486	       168	       263	   4.00000
       487	       278	         4	   9.00000
       488	       274	       494	  10.00000
       489	        95	       192	   5.00000
       490	       483	       206	   2.00000
       491	       414	       109	   4.00000
       492	       175	       407	   1.00000
       493	        20	       362	   7.00000
       494	       205	       174	  10.00000
       495	        54	       370	   2.00000
       496	       128	       335	   3.00000
       497	       386	       293	   3.00000
       498	       127	       303	   9.00000
       499	       293	        41	   5.00000
       500	       385	       338	   9.00000
       501	       138	        77	  10.00000
       502	       427	       216	   4.00000
       503	       203	        81	   1.00000
       504	       488	       179	   6.00000
       505	       400	       431	   9.00000
       506	       121	       366	   9.00000
       507	       219	        27	   2.00000
       508	       188	       173	   9.00000
       509	        98	       360	   9.00000
       510	       401	       406	   2.00000
       511	       177	       103	   5.00000
       512	       102	       292	   3.00000
       513	       144	       465	  10.00000
       514	       321	        43	   1.00000
       515	       205	       281	   2.00000
       516	       198	       208	   3.00000
       517	       241	       246	   5.00000
       518	        98	       210	   7.00000
       519	       470	       345	   3.00000
       520	       353	        39	   3.00000
       521	       256	       464	   8.00000
       522	       361	       364	   2.00000
       523	       390	        65	   1.00000
       524	       126	       220	   4.00000
       525	        88	       120	  10.00000
       526	       146	       390	   2.00000
       527	        56	       268	   7.00000
       528	        69	       273	   9.00000
       529	        71	       308	   6.00000
       530	       231	       377	   6.00000
       531	       204	       448	   7.00000
       532	       484	       376	   4.00000
       533	       478	        33	   6.00000
       534	        13	       320	   7.00000
       535	         5	        81	   8.00000
       536	       176	       315	   6.00000
       537	         5	        40	   2.00000
       538	       127	       298	   5.00000
       539	       396	       130	   1.00000
       540	       373	       309	   7.00000
       541	       116	       355	  10.00000
       542	       455	       454	   7.00000
       543	       296	        73	   3.00000
       544	       284	       472	   7.00000
       545	       491	       290	  10.00000
       546	       215	       193	   6.00000
       547	       271	       387	   1.00000
       548	        80	       229	   6.00000
       549	       371	       247	  10.00000
       550	        86	       254	   7.00000
       551	       154	       460	   9.00000
       552	       354	       308	   3.00000
       553	       166	       473	   4.00000
       554	        84	       472	   4.00000
       555	       363	       264	   7.00000
       556	       117	       285	   3.00000
       557	        53	       265	   7.00000
       558	       210	       417	   4.00000
       559	       235	        11	   6.00000
       560	       136	       197	  10.00000
       561	         7	       147	   1.00000
       562	       256	       148	   2.00000
       563	       438	       410	   9.00000
       564	       342	       228	   4.00000
       565	       417	       214	   7.00000
       566	        33	       223	   3.00000
       567	       345	       225	   1.00000
       568	        91	       246	  10.00000
       569	       474	       289	   3.00000
       570	       354	        82	   7.00000
       571	       224	       274	   9.00000
       572	       316	       189	   6.00000
       573	       341	       302	   9.00000
       574	       348	         6	   2.00000
       575	         3	       475	   6.00000
       576	        66	        38	   2.00000
       577	       384	       197	  10.00000
       578	       300	        92	   3.00000
       579	        72	       224	   4.00000
       580	       196	       383	   5.00000
       581	       246	        59	   7.00000
       582	       362	       311	  10.00000
       583	       142	       135	   8.00000
       584	       164	       332	   7.00000
       585	       201	       164	   9.00000
       586	       265	       266	  10.00000
       587	       369	       128	   2.00000
       588	       117	       384	   8.00000
       589	       169	        40	   5.00000
       590	       464	       159	   2.00000
       591	         2	       474	   5.00000
       592	       434	       351	   4.00000
       593	       258	       163	   7.00000
       594	        12	        36	   6.00000
       595	       454	       416	   3.00000
       596	       271	       300	   1.00000
       597	       135	       379	   4.00000
       598	       406	       495	   9.00000
       599	       366	       362	   4.00000
       600	       283	        90	   3.00000
       601	       474	       372	   8.00000
       602	       214	       189	   8.00000
       603	        30	       213	  10.00000
       604	       150	        98	   4.00000
       605	       452	       426	   6.00000
       606	       146	       375	   8.00000
       607	       483	       341	   5.00000
       608	       164	       108	   1.00000
       609	       488	       405	   8.00000
       610	         9	       140	   6.00000
       611	        45	       348	   3.00000
       612	       373	       403	   8.00000
       613	       254	       394	   5.00000
       614	       106	       371	   5.00000
       615	       330	       392	  10.00000
       616	        47	       257	   9.00000
       617	       233	       278	   4.00000
       618	       292	       109	  10.00000
       619	       171	       160	   1.00000
       620	       150	       410	   5.00000
       621	       132	       289	   6.00000
       622	       485	       494	   9.00000
       623	       106	       470	   1.00000
       624	       447	       409	   9.00000
       625	       356	       220	   1.00000
